# Created by Octave 4.2.1, Thu Apr 19 07:57:30 2018 CEST <angel@angel-Lenovo-G50-80>
# name: Resultados_PCA
# type: matrix
# rows: 10
# columns: 2
 1 64.257
 2 51.695
 3 43.22
 4 29.462
 5 25.174
 6 20.738
 7 17.049
 8 14.706
 9 12.712
 10 10.369


