# name: data
# type: matrix
# rows: 4
# columns: 3

1 1 1
2 2 2
3 3 3
4 4 4
#La matriz de covarianzas
