# Created by Octave 4.2.1, Thu Apr 19 03:10:02 2018 CEST <angel@angel-Lenovo-G50-80>
# name: Resultados_PCA_LDA
# type: matrix
# rows: 4420
# columns: 3
 1 1 94.915
 11 1 95.414
 11 2 90.628
 11 3 82.502
 11 4 78.166
 11 5 70.937
 11 6 63.559
 11 7 59.172
 11 8 56.83
 11 9 55.284
 11 10 53.44
 11 11 55.284
 21 1 94.118
 21 2 85.294
 21 3 81.406
 21 4 74.576
 21 5 66.002
 21 6 61.316
 21 7 57.827
 21 8 53.29
 21 9 48.355
 21 10 44.317
 21 11 42.423
 21 12 40.877
 21 13 39.731
 21 14 38.136
 21 15 39.332
 21 16 39.781
 21 17 39.531
 21 18 39.232
 21 19 38.485
 21 20 39.182
 21 21 38.883
 31 1 93.519
 31 2 83.749
 31 3 76.919
 31 4 75.274
 31 5 66.65
 31 6 62.911
 31 7 58.774
 31 8 56.132
 31 9 47.906
 31 10 44.616
 31 11 38.883
 31 12 37.687
 31 13 34.347
 31 14 33.101
 31 15 34.546
 31 16 33.599
 31 17 33.998
 31 18 33.4
 31 19 33.599
 31 20 32.802
 31 21 33.2
 31 22 33.001
 31 23 33.599
 31 24 34.845
 31 25 34.197
 31 26 34.347
 31 27 35.344
 31 28 34.945
 31 29 34.497
 31 30 34.447
 31 31 35.194
 41 1 93.121
 41 2 83.101
 41 3 76.77
 41 4 72.233
 41 5 66.999
 41 6 63.46
 41 7 58.475
 41 8 53.639
 41 9 46.461
 41 10 42.173
 41 11 37.089
 41 12 34.746
 41 13 33.4
 41 14 32.602
 41 15 31.406
 41 16 31.256
 41 17 31.007
 41 18 32.602
 41 19 31.555
 41 20 31.755
 41 21 32.652
 41 22 33.051
 41 23 32.303
 41 24 32.203
 41 25 32.951
 41 26 34.297
 41 27 34.497
 41 28 34.646
 41 29 35.294
 41 30 36.142
 41 31 36.142
 41 32 35.444
 41 33 35.494
 41 34 36.092
 41 35 36.241
 41 36 37.388
 41 37 38.036
 41 38 37.438
 41 39 37.238
 41 40 38.036
 41 41 38.285
 51 1 91.775
 51 2 83.4
 51 3 76.321
 51 4 71.984
 51 5 67.248
 51 6 63.161
 51 7 56.53
 51 8 52.094
 51 9 46.012
 51 10 40.528
 51 11 36.839
 51 12 32.802
 51 13 31.306
 51 14 30.309
 51 15 29.362
 51 16 29.362
 51 17 29.013
 51 18 29.511
 51 19 29.013
 51 20 29.212
 51 21 30.359
 51 22 31.904
 51 23 31.356
 51 24 31.356
 51 25 32.303
 51 26 32.951
 51 27 32.453
 51 28 32.951
 51 29 33.799
 51 30 34.197
 51 31 34.447
 51 32 34.646
 51 33 35.942
 51 34 36.191
 51 35 35.942
 51 36 35.743
 51 37 35.294
 51 38 35.444
 51 39 36.241
 51 40 36.191
 51 41 36.74
 51 42 36.092
 51 43 36.59
 51 44 36.64
 51 45 36.79
 51 46 36.441
 51 47 36.64
 51 48 36.341
 51 49 36.74
 51 50 36.64
 51 51 37.238
 61 1 92.871
 61 2 84.497
 61 3 76.221
 61 4 72.582
 61 5 66.849
 61 6 63.21
 61 7 56.58
 61 8 51.695
 61 9 46.112
 61 10 40.628
 61 11 36.341
 61 12 33.799
 61 13 31.954
 61 14 30.558
 61 15 30.11
 61 16 29.86
 61 17 29.312
 61 18 29.212
 61 19 29.362
 61 20 28.315
 61 21 28.116
 61 22 29.86
 61 23 30.259
 61 24 30.259
 61 25 30.259
 61 26 29.312
 61 27 29.212
 61 28 29.811
 61 29 30.259
 61 30 31.007
 61 31 30.608
 61 32 29.86
 61 33 30.857
 61 34 32.353
 61 35 33.001
 61 36 34.247
 61 37 34.347
 61 38 35.344
 61 39 34.845
 61 40 34.945
 61 41 35.643
 61 42 35.942
 61 43 35.593
 61 44 35.643
 61 45 35.892
 61 46 35.942
 61 47 35.643
 61 48 36.042
 61 49 36.241
 61 50 37.089
 61 51 37.238
 61 52 36.491
 61 53 37.089
 61 54 37.338
 61 55 37.587
 61 56 37.587
 61 57 38.385
 61 58 39.182
 61 59 38.883
 61 60 38.833
 61 61 39.531
 71 1 92.323
 71 2 83.5
 71 3 76.869
 71 4 73.928
 71 5 66.201
 71 6 63.011
 71 7 56.78
 71 8 51.396
 71 9 45.563
 71 10 40.279
 71 11 34.596
 71 12 33.051
 71 13 31.705
 71 14 30.01
 71 15 28.963
 71 16 28.913
 71 17 28.415
 71 18 27.717
 71 19 28.614
 71 20 28.764
 71 21 29.063
 71 22 28.415
 71 23 28.814
 71 24 30.16
 71 25 30.508
 71 26 30.508
 71 27 30.06
 71 28 31.505
 71 29 30.957
 71 30 30.658
 71 31 30.259
 71 32 30.708
 71 33 31.206
 71 34 31.256
 71 35 31.206
 71 36 31.406
 71 37 32.453
 71 38 32.602
 71 39 33.2
 71 40 33.4
 71 41 33.649
 71 42 34.297
 71 43 34.148
 71 44 33.998
 71 45 34.048
 71 46 34.696
 71 47 34.297
 71 48 34.297
 71 49 35.344
 71 50 35.194
 71 51 35.145
 71 52 36.441
 71 53 37.438
 71 54 37.836
 71 55 37.188
 71 56 37.886
 71 57 37.488
 71 58 37.537
 71 59 37.986
 71 60 37.836
 71 61 38.784
 71 62 37.886
 71 63 38.584
 71 64 39.182
 71 65 38.684
 71 66 38.933
 71 67 39.083
 71 68 39.232
 71 69 40.03
 71 70 39.681
 71 71 40.03
 81 1 93.32
 81 2 83.749
 81 3 78.016
 81 4 74.028
 81 5 68.046
 81 6 64.058
 81 7 57.328
 81 8 53.34
 81 9 45.015
 81 10 38.833
 81 11 33.649
 81 12 31.904
 81 13 30.259
 81 14 28.514
 81 15 27.617
 81 16 27.916
 81 17 28.614
 81 18 27.866
 81 19 28.365
 81 20 28.814
 81 21 29.312
 81 22 29.212
 81 23 29.113
 81 24 29.611
 81 25 29.711
 81 26 29.312
 81 27 30.359
 81 28 31.555
 81 29 31.655
 81 30 31.655
 81 31 32.502
 81 32 32.054
 81 33 32.403
 81 34 31.805
 81 35 32.104
 81 36 32.552
 81 37 33.3
 81 38 32.901
 81 39 32.752
 81 40 33.101
 81 41 33.549
 81 42 33.25
 81 43 33.3
 81 44 34.397
 81 45 34.397
 81 46 34.746
 81 47 34.347
 81 48 33.699
 81 49 33.898
 81 50 34.596
 81 51 34.945
 81 52 34.696
 81 53 34.995
 81 54 35.543
 81 55 36.191
 81 56 37.687
 81 57 37.238
 81 58 37.687
 81 59 37.388
 81 60 37.687
 81 61 37.687
 81 62 37.986
 81 63 38.933
 81 64 38.335
 81 65 38.634
 81 66 38.584
 81 67 38.534
 81 68 38.086
 81 69 38.485
 81 70 38.634
 81 71 38.584
 81 72 39.482
 81 73 39.482
 81 74 39.93
 81 75 40.03
 81 76 40.877
 81 77 40.828
 81 78 41.326
 81 79 41.476
 81 80 41.077
 81 81 40.927
 91 1 92.423
 91 2 82.752
 91 3 77.817
 91 4 72.782
 91 5 66.849
 91 6 62.762
 91 7 56.879
 91 8 52.443
 91 9 44.865
 91 10 39.133
 91 11 33.599
 91 12 31.456
 91 13 29.86
 91 14 28.465
 91 15 28.913
 91 16 28.215
 91 17 27.966
 91 18 27.767
 91 19 28.166
 91 20 28.913
 91 21 30.409
 91 22 29.661
 91 23 29.362
 91 24 29.86
 91 25 30.857
 91 26 31.157
 91 27 31.107
 91 28 31.605
 91 29 31.456
 91 30 31.705
 91 31 31.605
 91 32 33.25
 91 33 33.45
 91 34 33.948
 91 35 33.3
 91 36 33.599
 91 37 34.148
 91 38 34.297
 91 39 34.796
 91 40 35.045
 91 41 34.796
 91 42 34.596
 91 43 35.494
 91 44 35.194
 91 45 35.344
 91 46 35.992
 91 47 36.291
 91 48 36.291
 91 49 37.039
 91 50 37.288
 91 51 37.986
 91 52 38.285
 91 53 37.936
 91 54 38.385
 91 55 38.485
 91 56 39.232
 91 57 39.232
 91 58 39.382
 91 59 39.083
 91 60 39.282
 91 61 39.232
 91 62 39.581
 91 63 39.531
 91 64 39.332
 91 65 40.179
 91 66 40.329
 91 67 40.329
 91 68 40.628
 91 69 40.778
 91 70 41.127
 91 71 41.825
 91 72 42.074
 91 73 41.675
 91 74 41.924
 91 75 42.024
 91 76 41.874
 91 77 42.024
 91 78 42.772
 91 79 44.018
 91 80 44.367
 91 81 44.716
 91 82 44.766
 91 83 44.766
 91 84 44.816
 91 85 44.317
 91 86 44.417
 91 87 45.165
 91 88 44.865
 91 89 44.816
 91 90 44.666
 91 91 44.766
 101 1 92.772
 101 2 83.948
 101 3 76.371
 101 4 71.535
 101 5 65.304
 101 6 62.164
 101 7 56.281
 101 8 52.243
 101 9 44.068
 101 10 38.833
 101 11 33.3
 101 12 31.655
 101 13 30.01
 101 14 29.611
 101 15 28.814
 101 16 27.916
 101 17 27.617
 101 18 28.066
 101 19 27.866
 101 20 28.465
 101 21 29.212
 101 22 29.611
 101 23 29.761
 101 24 29.811
 101 25 30.409
 101 26 30.409
 101 27 31.057
 101 28 31.306
 101 29 31.505
 101 30 31.456
 101 31 31.456
 101 32 31.406
 101 33 31.356
 101 34 31.555
 101 35 31.954
 101 36 32.652
 101 37 32.901
 101 38 33.051
 101 39 33.549
 101 40 34.148
 101 41 34.646
 101 42 34.447
 101 43 34.197
 101 44 34.696
 101 45 34.596
 101 46 34.447
 101 47 34.397
 101 48 34.845
 101 49 35.145
 101 50 35.444
 101 51 36.74
 101 52 36.59
 101 53 37.089
 101 54 36.441
 101 55 37.637
 101 56 37.687
 101 57 38.136
 101 58 38.036
 101 59 38.036
 101 60 38.285
 101 61 38.036
 101 62 38.833
 101 63 39.531
 101 64 38.734
 101 65 38.933
 101 66 39.581
 101 67 39.531
 101 68 40.13
 101 69 41.127
 101 70 40.828
 101 71 40.528
 101 72 40.578
 101 73 40.528
 101 74 40.479
 101 75 40.528
 101 76 40.828
 101 77 41.027
 101 78 41.974
 101 79 41.974
 101 80 41.625
 101 81 41.874
 101 82 42.622
 101 83 42.522
 101 84 43.071
 101 85 43.021
 101 86 43.519
 101 87 44.018
 101 88 44.068
 101 89 44.217
 101 90 44.666
 101 91 45.264
 101 92 45.065
 101 93 45.314
 101 94 46.361
 101 95 46.51
 101 96 46.361
 101 97 46.411
 101 98 46.71
 101 99 47.208
 111 1 93.868
 111 2 83.45
 111 3 76.869
 111 4 71.386
 111 5 65.703
