# name: data
# type: matrix
# rows: 10
# columns: 3
 2.1676 2.3089 2
 -0.0687 0.0964 1
 -0.1507 2.0222 2
 2.4445 2.7419 2
 -0.0807 1.4948 1
0.0568 -1.4165 1
 0.2991 0.7079 1
 0.1469 0.4577 1
 0.5598 2.2904 2
 1.3242 1.9875 2
